inv_temp,pressure,z_water,z_absorbent,z_co2,z_n2
0.003248736437887099,229663.41879637912,0.6556813168991357,0.0480320684611797,0.0337458331417292,0.2625407814979553
0.0027998779771828733,104477.76225713314,0.5201586964726448,0.0754227339476347,0.015904406234622,0.3885141633450985
0.0026932266226370183,206116.28726682396,0.586939472425729,0.0260586205124855,0.0175037201307713,0.3694981869310141
0.0025165684935526044,120780.26692320128,0.6017929323762655,0.0616100394725799,0.0638540118560195,0.272743016295135
0.002807938519416956,228704.65792635223,0.6826263264752924,0.0390804634243249,0.0211091626621782,0.2571840474382043
0.003073501930410357,103353.77234142506,0.6526352899614721,0.0660822202265262,0.0262624297942966,0.255020060017705
0.00258179499815592,199322.64128885,0.5170155088230968,0.0620168507844209,0.0835107341781258,0.3374569062143564
0.002496415784345299,153928.40975699946,0.6769031388126314,0.0512229907698929,0.0592896803468465,0.2125841900706291
0.0032745444089895153,145966.5662902873,0.5309418266732245,0.058513675648719,0.0478493040148168,0.3626951936632395
0.0025553866935618436,116922.7005288354,0.5771382167283445,0.0269766881875693,0.0494626440946012,0.3464224509894847
0.002466977769997274,126410.53743395025,0.61721763077192,0.0761046333424747,0.0314846848230808,0.2751930510625243
0.0024964461648890155,252520.0156411389,0.6300745735689998,0.0759209259413182,0.0572702834568917,0.2367342170327901
0.0026766418295765546,190577.2559875273,0.6398917236179114,0.0389708528853952,0.0324686810933053,0.288668742403388
0.0026517101189857573,163438.86314051924,0.4944762714579701,0.0694200654514134,0.0772676636092364,0.35883599948138
0.0027198338465151822,208249.4800269138,0.6058682256564498,0.0437559066154062,0.0422411591745913,0.3081347085535526
0.002620016212981619,217105.743088515,0.6097525517269968,0.0637666910886764,0.0778758528828621,0.2486049043014645
0.0025597857252119254,121182.10780564696,0.6173623927496373,0.0401873074844479,0.0580995711497962,0.2843507286161184
0.002635470594918491,116736.29852542654,0.6478972116671502,0.0673243685439229,0.0607943299226462,0.2239840898662805
0.002589034951691856,115520.75715382816,0.6143616276886315,0.0639495419710874,0.0333693163935095,0.2883195139467716
0.002588011817824719,206914.3144166912,0.6622443194035441,0.0288800481334328,0.0478830246161669,0.2609926078468561
0.0024473047367332564,148812.05341512104,0.6037136135995387,0.0471249597892165,0.0834362002834677,0.2657252263277769
0.002806422415202448,157940.97910292912,0.6647468405403196,0.0436173307336866,0.0358839356154203,0.2557518931105733
0.0033195152877799196,124909.30055917706,0.5422149959392846,0.0813250943645834,0.0789138826541602,0.2975460270419717
0.002942011019534135,179222.25141454255,0.565125395571813,0.0498683254607021,0.0549481395911425,0.3300581393763423
0.0025600419212919398,185906.1869900557,0.5315597376972436,0.0279733490571379,0.0810032345727086,0.3594636786729097
0.003109571353795599,110096.67088146089,0.6448551191668958,0.025242522265762,0.020491434475407,0.3094109240919351
0.002778424768126112,231423.8401060109,0.6112206411734222,0.0592954458110034,0.02688022473827,0.3026036882773042
0.003088297012938943,210994.6670942707,0.6793996256031096,0.0508598229661583,0.0694168270565569,0.2003237243741751
0.0028797379826588634,124303.25797910336,0.6593487530387938,0.0475604235753417,0.0456318604759872,0.2474589629098773
0.002404824834429228,204161.59564785197,0.5943740245327354,0.0829216274246573,0.0293973234295845,0.2933070246130228
0.002789913255710224,244019.6068962221,0.5748009106516838,0.0257142853923142,0.0239179062284529,0.3755668977275491
0.0024995129618319953,130142.86517469444,0.532563152005896,0.0413619504682719,0.0398345215525478,0.3862403759732842
0.002798822260804665,198392.89167401148,0.5606078733317554,0.0478537050262093,0.0303481364808976,0.3611902851611376
0.0026425120898118473,212563.14318483928,0.5822448300011456,0.0453228837437927,0.0824385832622647,0.2899937029927969
0.002568919978758398,156958.76293281326,0.5523101986385881,0.0792864085361361,0.0774753473512828,0.2909280454739928
0.002948831229524854,107795.22458987776,0.5679868739750236,0.0309531012177467,0.0697378653753549,0.3313221594318747
0.0032045494606001623,205952.10950846085,0.5543278210237622,0.0419709389284253,0.067403770275414,0.3362974697723985
0.0025567323891315615,238115.06250256207,0.7087887263391167,0.0340255687385797,0.0178129793237894,0.239372725598514
0.0027729558977714853,234365.35914957055,0.5883039036672562,0.0763137102499604,0.0699326269049197,0.2654497591778636
0.0032852460439469614,173279.00260502938,0.5709532211907208,0.0392055264487862,0.070823335070163,0.3190179172903299
0.003276979723056752,242035.2309547132,0.5415662385430187,0.0382097851298749,0.0334031705092638,0.3868208058178425
0.00308312921819798,225206.73526738535,0.5290076402109116,0.0410475412011146,0.031450163135305,0.3984946554526687
0.0024642712957523598,210137.2295422596,0.5767574343644082,0.0334458633512258,0.0775332628749311,0.3122634394094348
0.0029326256595929795,139748.88676113915,0.5731734801270068,0.0458210751786828,0.0454818192310631,0.3355236254632473
0.0025334717897656438,155950.899853406,0.6385168362036346,0.038916272893548,0.0705919174477458,0.2519749734550714
0.0027409454010185056,167188.69558655424,0.6019629530794919,0.0404583220742642,0.0240449909493327,0.3335337338969111
0.0024824015010347813,202637.93848212808,0.5340238913428038,0.044618864506483,0.0286506821308285,0.3927065620198846
0.0032240290027643606,135712.5569346361,0.5582970164716243,0.0388466732017695,0.0777735058777034,0.3250828044489026
0.002729093801160207,139949.53387049027,0.5898731106892228,0.0559753276407718,0.0325816873461008,0.3215698743239045
0.0028418174164164594,168440.01200938364,0.6885976132191718,0.0452273187041282,0.0155618193559348,0.2506132487207651
0.0030752354611599266,183691.534537822,0.6206796885002404,0.0766102984733879,0.0464533436391502,0.2562566693872213
0.0028948783568101765,144992.06909149652,0.6646404046751558,0.0629873234033584,0.0305635270290076,0.241808744892478
0.002442410092447781,208115.7178352354,0.5219885137677193,0.0513773541338741,0.0538351474143564,0.3727989846840501
0.002854214648007496,217647.5179991336,0.5593994353059679,0.0506811593472957,0.066318304752931,0.3236011005938053
0.0027633766104417376,150567.24079451524,0.5659107014536857,0.0777776827290654,0.0459723152965307,0.3103393005207181
0.002852533668190262,197972.443274979,0.5149696864187717,0.0694114764034748,0.0213113111630082,0.3943075260147453
0.0027797705437844974,180683.1404850469,0.6526128735765815,0.0471758792363107,0.0190801893733441,0.2811310578137636
0.0028449466920981666,209451.04679345383,0.6879785720724612,0.0362531087920069,0.0559765322040766,0.2197917869314551
0.00253584165783334,137630.2047951962,0.6482242995966225,0.0802097595483064,0.0434286896791309,0.22813725117594
0.00250863289727306,122912.96058014268,0.641756332013756,0.0720378113724291,0.0740939921885728,0.2121118644252419
0.0024753754289474367,115730.41090930346,0.6667417261749506,0.0494720628857612,0.052269196473062,0.2315170144662261
0.002890629202317011,150765.32359512057,0.5729128773324192,0.0394874987006187,0.0408234380371868,0.3467761859297752
0.003251209513227006,211193.19435996003,0.6120063637569546,0.06687499538064,0.0784963788092136,0.2426222620531916
0.0031675377118223704,132362.53611899447,0.5825515498779714,0.0599988693743944,0.0742582990042865,0.2831912817433477
0.0026226451221837404,197595.32654135252,0.6431068993825465,0.052546446621418,0.0350414058100432,0.2693052481859923
0.00301411522341495,207144.3354307674,0.6824428411293775,0.034475581664592,0.035201788553968,0.2478797886520624
0.0028828383466320256,143813.6371572269,0.5877329517435282,0.0664097591862082,0.0753603350464254,0.270496954023838
0.003223086183246579,252716.698518279,0.5119330445956438,0.0468797569908201,0.0462453171145171,0.3949418812990188
0.002761022057975222,155806.3731137314,0.7258399001508951,0.0315452717244625,0.0256211931630969,0.2169936349615454
0.0025633467618421087,144893.46776824677,0.5900675758626313,0.0500501643121242,0.0430834471154958,0.3167988127097487
0.002730771529693461,213640.73830634588,0.691235764734447,0.0650232524238526,0.0292326538823545,0.2145083289593458
0.0030630906676138957,252889.57929932512,0.5420423279050737,0.0553863400779664,0.0405506992060691,0.3620206328108907
0.0024349893871538626,143350.14670284,0.5138354894518852,0.0635878474265337,0.0625323081761598,0.3600443549454212
0.003342398231985383,158487.46817442589,0.5804327234718949,0.0324140976183116,0.0466651991847902,0.3404879797250032
0.0025648249355797368,208935.72618984617,0.7165562744718045,0.0409486732445657,0.0201846001204103,0.2223104521632194
0.0027516503581815717,128761.11495253864,0.6265668081864715,0.0415206025168299,0.0173595453053712,0.3145530439913273
0.0029734175951328175,224859.39712818945,0.6133815312851221,0.0270111291483044,0.0529105848725885,0.306696754693985
0.00299525209657063,247259.38126186372,0.4660995958559215,0.0717852307111024,0.072851925548166,0.38926324788481
0.002510296480315761,178758.6613093852,0.6302776254713536,0.0545464137010276,0.0771927364729344,0.2379832243546843
0.0024882921975598075,128283.84056012146,0.5905753211863338,0.0368246874772012,0.0542548873648047,0.3183451039716601
0.0030016727449150367,136904.6387596638,0.6932657132390887,0.0463439916074275,0.0204247419442981,0.2399655532091856
0.0031663495726289123,213882.41039224667,0.5921897484175861,0.0789433904923498,0.0506845353916287,0.2781823256984353
0.0024487071258342727,158388.1701450795,0.6019314329884946,0.0614998665638268,0.0574167027324438,0.2791519977152348
0.002691629649501236,225792.48645933112,0.5161436582636088,0.0747861891984939,0.0602725330088287,0.3487976195290685
0.0026805366318960267,204265.24207445327,0.5462083654757589,0.0520047429949045,0.0752815203461796,0.326505371183157
0.0026866986682638943,211580.9527767124,0.6244569465704262,0.0845954829826951,0.0409028379060328,0.2500447325408459
0.0031882185046854744,137809.22344088322,0.5052284719608724,0.0511533909663558,0.0541417835839092,0.3894763534888625
0.0031438961540104916,250830.55388991488,0.5713579957094044,0.0749582845345139,0.0302513049636036,0.3234324147924781
0.0026059516638111658,247468.530252215,0.5374052309058607,0.0848811030946672,0.0768501263856887,0.3008635396137833
0.0030789050258790275,147446.5701903915,0.6399585365317761,0.0687063040398061,0.0775671169906854,0.2137680424377322
0.0027027827260491786,160257.94628510484,0.620684671625495,0.0811811329424381,0.0227087391540408,0.2754254562780261
0.002909196078295591,250589.82395675263,0.5046207087580115,0.0610454751551151,0.0503538831230253,0.3839799329638481
0.002647703157195592,124095.65626513211,0.5853362681623548,0.0645404941961169,0.027674180464819,0.3224490571767092
0.0031512530241260216,162379.7454517102,0.5950546819157898,0.0351120191253721,0.0804185476154089,0.2894147513434291
0.00287350194294169,207317.6635078853,0.6073916662391274,0.0485559359006583,0.0848425532039255,0.2592098446562886
0.0027153448250821556,250262.20421375477,0.5229376097675413,0.041219706274569,0.062713615456596,0.3731290685012937
0.002723924020583575,186333.2596174325,0.648138471422717,0.0307769469171762,0.0500086374301463,0.2710759442299604
0.003116537365825932,133351.43894073553,0.6027145589143037,0.0422662834450602,0.0826788241788745,0.2723403334617615
0.003149087516285139,215849.19202770104,0.6045347382873296,0.0619179542176425,0.0730556038580834,0.2604917036369443
0.0026338438055500857,173056.1333738733,0.6393393729533999,0.0485501079633832,0.0182134600821882,0.2938970590010286
0.0030414157321422062,203011.6699205479,0.6722510152868926,0.0276548513770103,0.0822782018221914,0.2178159315139055
0.0026649860689616062,101657.1634784108,0.6761561047006398,0.0605475729517638,0.0217198396194726,0.2415764827281236
0.0029011111382231426,227512.81220570672,0.5067887210007757,0.046583128478378,0.0762703252863138,0.3703578252345323
0.0025995248396740397,203578.45236186404,0.6454749340191483,0.0491865396127104,0.0623380786180496,0.2430004477500915
0.0029968742259372885,151190.35309860483,0.5093050687760114,0.0515399645641446,0.0787080257385969,0.360446940921247
0.0027596465415118746,252098.3285433962,0.6777636671625078,0.065616840980947,0.0231264683045446,0.2334930235520005
0.002587436118443616,147619.79097307194,0.5865383400861174,0.0396221661008894,0.0182849591318517,0.3555545346811414
0.002674002600889805,248229.4578732108,0.6457785789761692,0.0801846904493868,0.0552933792863041,0.2187433512881398
0.003219360610260822,103023.63415168364,0.6433149655815213,0.0521213767305016,0.0166467509511858,0.2879169067367911
0.0025007609837635197,190812.46945786988,0.5125549633521587,0.0820546116866171,0.0417255112249404,0.3636649137362838
0.0028774122221986637,175331.37264522957,0.5762428610399365,0.0831377995572984,0.0322703063301742,0.3083490330725909
0.002804651284373616,138414.3285393482,0.6346698589157314,0.0623833515681326,0.0764821756165474,0.2264646138995886
0.002529754832686494,162600.40368139744,0.6075726733263582,0.0521323505975306,0.0261696498002856,0.3141253262758255
0.002539513045801443,170127.18603936955,0.5631873852945863,0.0847047807089984,0.0615088514238596,0.2905989825725555
0.00323122905382872,149998.06376217166,0.6738199687842279,0.0290371364541351,0.0234016100037843,0.2737412847578526
0.0025187870584983,174257.25624152692,0.505991220716387,0.0260546076484024,0.0843208020552993,0.3836333695799112
0.0028112862723946694,111774.96509357588,0.690373192699626,0.0461792229488492,0.0504112625028938,0.2130363218486309
0.0025159685322029357,238953.0487620737,0.6875209157075732,0.0837083340808749,0.0252497596759349,0.2035209905356169
0.002850457617371704,104279.08947867109,0.589075133036822,0.0277799188718199,0.0271628387458622,0.3559821093454957
0.002924807716840522,117157.8386949026,0.6846014254912733,0.0701411564461887,0.0238433733768761,0.2214140446856618
0.003267219822063231,210014.75817920876,0.6494142289925366,0.0625152171775698,0.0183870391082018,0.2696835147216916
0.003090645503030795,119452.89233294316,0.5905533955618739,0.0758489315956831,0.0840231442078948,0.2495745286345482
0.002901914059036025,112976.23205850832,0.6107815036550164,0.0386745923943817,0.0477501353435218,0.30279376860708
0.0024231529428972135,160152.86964346888,0.5255866967421026,0.0502369510009884,0.0819614950288087,0.3422148572281003
0.00246569485861302,228608.66790624568,0.5007234839256852,0.0823986535519361,0.034696115264669,0.3821817472577095
0.0024650440720372026,168013.57578806346,0.5455755569133908,0.0405345806851983,0.0465563582163304,0.3673335041850805
0.0025906374883513487,171859.1802681447,0.6482498593442142,0.0528327503055334,0.0805102997832,0.2184070905670523
0.0032083875468553198,225478.70571707608,0.5620219036657363,0.06074886161834,0.0202258435543626,0.357003391161561
0.003087083102412076,177124.8420570977,0.6657113828975707,0.0268998035043478,0.0371014952566474,0.270287318341434
0.0029155489783619375,167432.88158961805,0.5974281679093838,0.0618077749945223,0.0188640592806041,0.3218999978154898
0.00260214466707577,223107.38470160868,0.6527552354056388,0.0680935534462332,0.0154510062467306,0.2637002049013972
0.0029635461409872597,160077.69191324478,0.6665008368156851,0.0370224640145897,0.0289503069035708,0.2675263922661543
0.002986765359161188,205739.75994485663,0.6413116897642612,0.0474578503705561,0.0578572899661958,0.2533731698989868
0.0026015027423013535,107288.59809134156,0.6634309885837137,0.074119314700365,0.0561359424702823,0.2063137542456388
0.003005691461108545,200422.35987223685,0.493356105312705,0.0636898029409349,0.0705578129924833,0.3723962787538767
0.003015508672173114,113228.99765318724,0.6896270284708589,0.0622185679338872,0.0463241975288838,0.20183020606637
0.002683488804737679,123111.14020053064,0.5861044777091593,0.0250630908645689,0.0517121621873229,0.3371202692389488
0.002756258053673575,158885.8824292431,0.5323771418165415,0.0445251451618969,0.0689357842411846,0.3541619287803769
0.003255305301036217,104861.0992371454,0.5676879853568971,0.0615181681141257,0.0647008662112057,0.3060929803177714
0.0024287626722697504,189811.4677020349,0.5996888167597354,0.0436517687886953,0.0655306097306311,0.2911288047209382
0.0029267517022890646,213301.36883159867,0.6963596508465707,0.0527106505073607,0.0224432160332798,0.2284864826127887
0.00268325329987831,178808.77743704477,0.5524261937756091,0.0678665216080844,0.066727884830907,0.3129793997853994
0.002768507979457278,205119.5567638264,0.7066453782469034,0.0736932815052568,0.0163718131743371,0.2032895270735025
0.00283822178168893,241466.6661234805,0.523748461967334,0.064447676744312,0.0748721248935908,0.336931736394763
0.0029287985815309313,232977.54877338884,0.6184097328688949,0.0641011830605566,0.0651778528746217,0.2523112311959267
0.0028869102766677897,223780.48135087595,0.6114399302285165,0.0708962722681462,0.0517865573521703,0.2658772401511669
0.0028186317236105615,221757.23141734488,0.654619985455647,0.0604646100476384,0.0795989343058318,0.2053164701908827
0.002770319483543417,106603.24269871926,0.6682552742399275,0.0534502735547721,0.0320681586116552,0.2462262935936451
0.0033233815253749343,175932.99661955098,0.5316190674528479,0.0494024703465402,0.0605450710467994,0.3584333911538124
0.0030291718332357198,168821.99294624152,0.6619953962787986,0.0312412713840603,0.0643555691465735,0.2424077631905675
0.002418325808074248,147020.19738319796,0.5723365835938603,0.0658844461478292,0.0559420105163008,0.3058369597420096
0.002675692754970033,149563.92017657636,0.660070966957137,0.0469919988326728,0.0609932676237076,0.2319437665864825
0.002440791898889061,212299.8525437317,0.6135374146699906,0.0574110191874206,0.0744944395683705,0.2545571265742183
0.0026461926206675277,143770.695885038,0.5004993615858256,0.0532085553929209,0.0507867491431534,0.3955053338780999
0.0032058563884776754,172082.59248276008,0.5444452818017452,0.0358160952478647,0.0260608153510838,0.3936778075993061
0.003119877031887531,232543.33554549376,0.6638346004206688,0.0798954004608094,0.0152863440010696,0.2409836551174521
0.0033305180805313847,114224.874896463,0.6776803439576179,0.0405162505246698,0.0406295024324208,0.2411739030852914
0.002860784655148655,101551.46260396576,0.6017220746725798,0.0473519776575267,0.034359371792525,0.3165665758773685
0.00316260981126098,232353.831770306,0.7325141202565282,0.0378385024704039,0.0276396585162729,0.2020077187567949
0.002627438274440578,165462.07768670283,0.5477312652952968,0.0796136908978223,0.0524772031791508,0.3201778406277299
0.0029527497502079537,130903.86526897782,0.6347261615842581,0.044165517706424,0.026955159176141,0.2941531615331769
0.0025188775367439593,232476.32011928363,0.4980032862722873,0.0669226153753697,0.0693926818110048,0.365681416541338
0.0028005854686846093,216715.85152245825,0.545892973607406,0.0665849376097321,0.0556312395725399,0.3318908492103219
0.0028166138316263853,126664.37597300392,0.5785434008948505,0.0294520917348563,0.0418213605508208,0.3501831468194723
0.0032135036391396283,240347.6043913281,0.62638297541067,0.0737836986593902,0.0807739361003041,0.2190593898296356
0.002712627746787199,193924.9214213225,0.5779444277100265,0.0601230579987168,0.0157601148448884,0.3461723994463682
0.002608000592342572,185497.14817958884,0.6250792241375893,0.0663286120258271,0.0259578005131334,0.2826343633234501
0.00313175049854904,185712.9828307196,0.7001374732982367,0.0570416731387376,0.0220244376081973,0.2207964159548282
0.0031051602185726158,247666.100927128,0.6596624506358058,0.0539229951240122,0.017977624097839,0.268436930142343
0.0025773068972458606,154267.66259504948,0.6485048362240196,0.0669796907715499,0.0540468673594296,0.2304686056450009
0.0025018188479649824,149820.22393980296,0.5507342228107155,0.0599512745253741,0.0823806656524539,0.3069338370114565
0.0031031700626104482,191181.55354672344,0.635948297381401,0.0652027506567537,0.0604875612817704,0.2383613906800747
0.002705341820104801,135352.39102353808,0.5414888858236372,0.0531183760054409,0.0377292097732424,0.3676635283976793
0.0024949595522483358,199121.80506951408,0.5667157744057476,0.0402483306452631,0.0734389779530465,0.3195969169959426
0.003043542267822619,221480.7721534045,0.5959587740804999,0.0765005230903625,0.039800283582881,0.2877404192462564
0.0026122041421089114,209939.0459584887,0.501205641850829,0.0833505394682288,0.070649755783379,0.344794062897563
0.002698622094161112,128354.39415487926,0.6005772109236568,0.0837169255875051,0.072370665250346,0.243335198238492
0.0026619733865868313,219832.2825808078,0.5792342158220708,0.0816946346499025,0.0541761550679802,0.2848949944600463
0.002514176246749916,140435.57455816772,0.6871814367268234,0.0430143067240715,0.0232244545128196,0.2465798020362854
0.0032804463917195346,236813.5015667765,0.6150414148624986,0.0706142928637564,0.0207073611672967,0.2936369311064482
0.0025419862848441244,186670.4413048108,0.4543056922219693,0.0738239692896604,0.0757966702245175,0.3960736682638526
0.0025498685839100213,133173.3080928214,0.5953289366792888,0.0732106374949216,0.0235628077853471,0.3078976180404424
0.003145937377763866,193323.29971179133,0.5196487513743341,0.0263552257791161,0.0575193003378808,0.3964767225086689
0.0027188536285512074,169632.1569654392,0.5148909673001617,0.037722820919007,0.0817971569206565,0.3655890548601747
0.00266356878796936,200323.0629752856,0.7344775788392872,0.0327436755038797,0.0248401795979589,0.2079385660588741
0.002343393213388613,242588.31226439212,0.633822609949857,0.0814053232036531,0.0229489831998944,0.2618230836465955
0.0033412306776499784,240012.77851044436,0.5747697390336544,0.0505163334682583,0.0264784190710634,0.3482355084270239
0.0031187250770744793,151690.64979152754,0.6537351828161627,0.0609224409982562,0.0399465192761272,0.2453958569094538
0.00320364073697202,114411.85668617254,0.5503654843010009,0.0847157830744981,0.0513095686025917,0.3136091640219092
0.0028732319169609494,113623.73105767184,0.5658720316458493,0.0742481339909136,0.0685974802542477,0.2912823541089893
0.002706040530626755,252284.7291313112,0.5903023493383079,0.0291510251723229,0.0688086077291518,0.3117380177602172
0.0031008671202029992,165136.0333884135,0.5274718151241541,0.0562646802142262,0.0724515115469694,0.3438119931146502
0.002541294850073401,126223.55592733948,0.5185810957849025,0.0491274002566933,0.0776774791628122,0.3546140247955918
0.0026533898915528584,189629.90937719587,0.632130129225552,0.0595518281683325,0.0565557992458343,0.251762243360281
0.003023520631241083,145573.4029516345,0.5366065473016352,0.0442211714200675,0.0388146874215453,0.3803575938567519
0.002822170935558694,153492.3627567594,0.5386477035284043,0.0496844987012446,0.0294316951744258,0.3822361025959253
0.0028389525103212077,126911.11609325744,0.4977768411114811,0.0732827553339302,0.0360924961976707,0.3928479073569179
0.0027027503009410666,218550.92498942977,0.6536793490312993,0.0458790665492415,0.025765276197344,0.2746763082221151
0.0027509816793013946,182082.72394862724,0.5536439383216202,0.0814529109001159,0.0291663660667836,0.3357367847114801
0.0031355510331142764,144793.3011918445,0.612699330560863,0.0810090168192982,0.0539380117878317,0.2523536408320069
0.0025686460562660955,250651.53637662297,0.6209819939360022,0.0440415713191032,0.0759988030791282,0.2589776316657662
0.00334024318630695,148620.00769599108,0.6016467485111207,0.0762108469754457,0.0200816022325307,0.3020608022809029
0.003335288263480477,226407.81255613547,0.6107985672168433,0.0335520806722343,0.0703513719514012,0.2852979801595211
0.0032409164058121048,142394.81302663917,0.5309783966466783,0.0616283339820802,0.0577826955728232,0.3496105737984181
0.0030482989261312985,133536.1004528473,0.4949363035243004,0.0824960895441472,0.0278385026659816,0.3947291042655707
0.0026954992418352385,240590.41793150827,0.6174678153917194,0.0617458895035088,0.0341476591490209,0.2866386359557509
0.00313904431772896,112689.1214860836,0.487861137446016,0.0528217765502631,0.0678508469089865,0.3914662390947342
0.0027388739027502055,132783.92157498747,0.6561844500899314,0.0760283775255084,0.0451408342644572,0.2226463381201029
0.002742215397911887,202243.28675164143,0.5105235994700342,0.0343112319894135,0.0649736004788428,0.3901915680617094
0.002855518585608692,136553.91192807583,0.6547458682861179,0.0306230155006051,0.0602145601157099,0.2544165560975671
0.0024702850950125933,140696.18920806097,0.5255385381914675,0.081284791547805,0.0695196914300322,0.3236569788306951
0.0027855136505579485,115975.25992970914,0.5573101351130754,0.0626457722485065,0.0735369824152439,0.3065071102231741
0.0026886100244087503,120040.12809488922,0.6158001649752259,0.0420868786424398,0.0428448131307959,0.2992681432515383
0.0026195834174258664,138803.6516430555,0.5443127634003758,0.0577052166126668,0.0548399869911372,0.34314203299582
0.003355059779071364,194191.647183022,0.7003915696684271,0.0365570809692144,0.0170642795693129,0.2459870697930455
0.0031635172195353775,117740.97405412469,0.6191512413695455,0.0438761870376765,0.0658412492461502,0.2711313223466277
0.0025329778785101458,196394.25859486216,0.5436930786445737,0.0300509860925376,0.0672434013523161,0.3590125339105725
0.002485536429288622,206075.74044411303,0.5936648375447839,0.0729163832962513,0.0389167676586657,0.294502011500299
0.0030674247984462805,134788.12929375563,0.5322638467140495,0.0793559797294438,0.0704136214777827,0.3179665520787239
0.00284356012858839,110933.9343897882,0.6507554361503571,0.0565546798706054,0.0627709218207746,0.2299189621582627
0.0025255761585103688,110317.80981287592,0.59626259772107,0.0460773858986795,0.0729546730965376,0.2847053432837129
0.002884478723435632,163333.23530555936,0.5967194150481373,0.0525277996249496,0.066926715420559,0.2838260699063539
0.003296798453467921,108895.43987007346,0.6509819979034364,0.0477471385151147,0.0768840975873172,0.2243867659941315
0.003124373829688731,116800.21104746264,0.5999650078825652,0.05792116003111,0.0562490702420473,0.2858647618442774
0.002858981402578599,251092.6300372579,0.6974746053665877,0.0516483118385076,0.0288232219219207,0.2220538608729839
0.002602932715401737,164961.67228384875,0.6571755273919553,0.025348714441061,0.0310749704483896,0.2864007877185941
0.002735378999098793,246133.2171475282,0.5924670455511659,0.0699911791086197,0.0833382063824683,0.254203568957746
0.0032433798694535914,122720.89787508594,0.5591457400191575,0.0429666832648217,0.0283462186995893,0.3695413580164313
0.0028835729533474067,235280.33015881665,0.616179597498849,0.0264201925694942,0.0783872650098055,0.2790129449218512
0.003308258756212772,246474.10969370976,0.530866387784481,0.0314183376356959,0.0840847981348633,0.3536304764449596
0.002573551541015216,162186.83118552435,0.5879014436621218,0.0660712178610265,0.0171670106891542,0.3288603277876973
0.002548814716980298,188943.93612148703,0.5798198268283159,0.0538460711017251,0.0249114116188138,0.3414226904511451
0.003113879465633007,189048.7228699727,0.5664347301237285,0.0847749215364456,0.0710346576012671,0.2777556907385587
0.0033250753014862234,231702.81781669476,0.4725318813882768,0.077206359077245,0.0582025857269764,0.3920591738075018
0.0026091698364222767,127424.7691035038,0.6851847808156162,0.0266301851160824,0.0203287248779088,0.2678563091903925
0.002990224295891487,224207.66523607308,0.686091740662232,0.0585728109814226,0.0281306310091167,0.2272048173472285
0.0029470343287285377,223593.5006935615,0.5152513856440782,0.0548027996346354,0.0412433115020394,0.3887025032192469
0.002875626495022724,118848.00182335312,0.5255548798758536,0.0345823500119149,0.0553507649246603,0.384512005187571
0.003338772197415954,182508.96568108583,0.5081680024042725,0.069107488580048,0.0514388229325413,0.371285686083138
0.0028760513593086793,212763.92957879,0.5117003918346017,0.0620928122289478,0.0612092683743685,0.3649975275620818
0.0027546910676451088,102417.58605118377,0.5721908012963831,0.0558506752736866,0.0439771873876452,0.3279813360422849
0.002790239791695423,152625.68556832848,0.5350479072518646,0.0675806828401982,0.0226421843096613,0.3747292255982757
0.0032607507694831736,249657.1526209591,0.6531023817695677,0.0674537541158497,0.0679124299064278,0.2115314342081546
0.0025662754859064794,227425.66336048767,0.5777151521481573,0.0598959684930741,0.0670348574593663,0.2953540218994022
0.0029587882738337295,154614.55400437117,0.5684682797733693,0.0540407292358577,0.072032316410914,0.3054586745798588
0.0025649189751123873,112868.42889252584,0.6639630404207856,0.0818775405175984,0.026375554697588,0.2277838643640279
0.002943920283535298,235538.62453111212,0.5482915711216628,0.0688183672912418,0.0321260730922222,0.350763988494873
0.0027524767649831465,201009.77115542628,0.6024900096654892,0.0374222729168832,0.0375827738083899,0.3225049436092377
0.0024351805198483557,234890.3910321649,0.524113417994231,0.0292237763479352,0.0562153496406972,0.3904474560171366
0.002595678082809205,236091.9215620612,0.6309989373665302,0.0517191350646317,0.0415217394288629,0.2757601881399751
0.0031378144492415065,208832.07976324484,0.4887258483842015,0.0700197190977633,0.0834016952849924,0.3578527372330427
0.0027444154985252754,226051.3603348285,0.679718845449388,0.0495083475299179,0.0491459622047841,0.2216268448159098
0.002833765472380331,141123.27089459868,0.6500060357619076,0.0784780396334827,0.0647751693893224,0.2067407552152872
0.003269771497004828,228503.57314628785,0.6397686443850398,0.0514835713431239,0.058983346670866,0.2497644376009702
0.002424583418737337,135178.02991897333,0.6514133132714778,0.0821595704369247,0.0663526931870728,0.2000744231045246
0.002735971742482487,152290.85940434597,0.6089203652832657,0.0271891145035624,0.0681876341905445,0.2957028860226274
0.0027915200893912293,187699.71769280965,0.567151096696034,0.074661582428962,0.0533200335223227,0.3048672873526812
0.0024446390688069235,226585.9615223715,0.5662814720813185,0.0625921054370701,0.0245018808264285,0.3466245416551828
0.0030653097142835646,154446.97000149172,0.5313019408565014,0.037894951570779,0.0429233918990939,0.3878797156736255
0.0025926781270709533,177302.97290501185,0.5647925638966262,0.0578149391338229,0.0653193539567291,0.3120731430128217
0.002460810367783737,249459.3101712177,0.5682161381561309,0.0365387901477515,0.0262966847140342,0.3689483869820833
0.0029620571194143536,199808.54042713763,0.6825456446502358,0.0449268873780965,0.0600682824384421,0.2124591855332255
0.002671573116399778,113407.14548702816,0.5452299696207046,0.0312888878025114,0.0572086942009627,0.3662724483758211
0.0027289929973367505,238615.65022103023,0.5859625248797238,0.0368433338031172,0.0486708491109311,0.3285232922062278
0.003158930084195884,120661.25615963248,0.6205159120541066,0.0306637403741478,0.039738491969183,0.3090818556025624
0.0028654606922672112,148014.59019802278,0.5523277335893362,0.0424427304416894,0.0530568375159055,0.3521726984530687
0.0029996050319316295,155225.33381787362,0.6079336430132389,0.0578114302456378,0.0673458651825785,0.2669090615585446
0.002699924623392324,198895.5799854244,0.6448056410159916,0.057338265441358,0.0532553478796035,0.2446007456630468
0.0030844989774722223,171735.55046488764,0.5502736815530807,0.0819178361818194,0.0169898771028965,0.3508186051622033
0.0025784297897023605,195260.10741465725,0.6036184364464133,0.0749985552765429,0.0218640475627034,0.2995189607143402
0.0025512129180668515,245409.87598530485,0.5171067361161112,0.0653089321032166,0.0523307836428284,0.3652535481378436
0.0030308956191378296,248788.83685679172,0.6260444248467684,0.0498123143427074,0.0802742979489267,0.2438689628615975
0.0027768702844577484,118072.62399134925,0.4802801304217428,0.0822140529192984,0.0665814235713332,0.3709243930876255
0.002716338753054205,156494.70175128663,0.4851828124467283,0.0820899813622236,0.0557606107275933,0.3769665954634547
0.00253842330118502,208765.74434030332,0.674128464916721,0.0608477582968771,0.031885240683332,0.2331385361030697
0.002907036446828369,156748.98815260967,0.5320706213172525,0.036112671457231,0.0658985898364335,0.3659181173890829
0.002597333000062815,142176.57302672742,0.613951054746285,0.0710850675962865,0.0400382860470563,0.2749255916103721
0.002797317712589931,108736.11725578085,0.643450466543436,0.0357532737776637,0.0382040558382868,0.2825922038406134
0.002945467272512133,165299.00005019736,0.5238691949658095,0.0722356015443801,0.0425043468363583,0.3613908566534519
0.0024834188379535245,166450.66287161317,0.5650054517015815,0.0376524060592055,0.0604533230513334,0.3368888191878796
0.0030044948460858163,159504.59877548274,0.5847143700998276,0.0707885553129017,0.0404214946832507,0.3040755799040198
0.0026473481793172875,177566.8518253835,0.6193091432098299,0.0320509579777717,0.0207998991664499,0.3278399996459484
0.0027091839560837035,196798.76966499723,0.5624675335083157,0.0769069464318454,0.0766091604623943,0.2840163595974445
0.0024327221542336194,163760.287549824,0.4830436332337557,0.0478460316173732,0.0709321768209338,0.3981781583279371
0.002965297213509652,218148.91085053096,0.6439331383258105,0.0563870017975568,0.0173021012544631,0.2823777586221695
0.002755379949727516,219331.6065355204,0.4410559426341205,0.0788915408216416,0.0845042565185576,0.3955482600256801
0.002681968904353451,108048.93913166596,0.526313986191526,0.0713120802119374,0.07819255980663,0.3241813737899065
0.0029810861383645945,118672.2096544574,0.6055631352867931,0.0484512149728834,0.0251475459244102,0.3208381038159132
0.003066512074658676,195383.447324764,0.5421149475127458,0.044052570220083,0.0811122893728315,0.3327201928943396
0.0033057464712484674,190008.169829892,0.5637052556965501,0.0727072466537356,0.0369073971267789,0.3266801005229354
0.002613676552532318,229465.64216710397,0.5475020692590624,0.0343986647948622,0.0432298580463975,0.3748694078996777
0.0025399633645515167,228273.8417422632,0.6432317956537008,0.0419013785757124,0.054777731206268,0.2600890945643186
0.0032172673737852595,218749.76366377668,0.6828802528977393,0.0301498540490865,0.0548739746212959,0.2320959184318781
0.003293804095899099,152873.35538497427,0.5219875738769769,0.0834197581745684,0.0624405427090823,0.3321521252393722
0.0025201864483896446,117918.81387649335,0.5773711493145675,0.074819714743644,0.0372139936592429,0.3105951422825456
0.00260451984573385,191003.71259195963,0.5464386492129415,0.0361489567719399,0.0364740842115134,0.3809383098036051
0.0027317043342804446,117423.85670965305,0.7135523090325295,0.0316552750952541,0.019207182303071,0.2355852335691452
0.003153304533168276,106043.64148259629,0.6661628324072808,0.0840135380066931,0.0334653553646057,0.2163582742214203
0.0032894793574517493,214217.81719182615,0.5621728718746453,0.0462869121879339,0.0401412839349359,0.3513989320024848
0.003017383828451053,226652.4328327272,0.567334013916552,0.0832443508692085,0.0777111833356321,0.2717104518786073
0.0030133398913825505,147707.7646265854,0.6007831851858646,0.0265239999815821,0.0318506019096821,0.3408422129228711
0.00321539799497492,160678.19028681843,0.6578068065457046,0.0632839447632432,0.0616859881393611,0.217223260551691
0.0029912594430101165,163539.01273099473,0.7200913171004504,0.038505126517266,0.0181217152159661,0.2232818411663174
0.00240408887678722,164337.94508920982,0.6445416764449328,0.0590860910713672,0.0596917615178972,0.2366804709658027
0.003331086775753776,207917.875385494,0.6654373684432358,0.0823217654041946,0.0431180856283754,0.2091227805241942
0.002467402515629238,184704.6751446789,0.6582542327139527,0.0504687350429594,0.0169552219007164,0.2743218103423714
0.002951918776632126,247835.8591286349,0.6695981593709439,0.038017991092056,0.066524115120992,0.225859734416008
0.0031305876600875022,121007.7467010822,0.5337590679246933,0.0711326624453067,0.0470748801808804,0.3480333894491195
0.002595222100733294,119650.75290100648,0.5497623372729867,0.0467796311900019,0.0206728561688214,0.3827851753681898
0.0024300898540785074,246294.82040558945,0.7028483301680535,0.0623784237354993,0.0205940487701445,0.2141791973263025
0.002472653055741939,180445.3910158365,0.5465451540146022,0.0602521707676351,0.0370677913445979,0.3561348838731646
0.0033157394578674903,224398.6643390148,0.7160513028036803,0.0446298705600202,0.0235286863800138,0.2157901402562856
0.0032528734363888503,161178.6319263163,0.5594017803575844,0.0426074921712279,0.0219663948286324,0.3760243326425552
0.002397695347596676,167065.06578329718,0.5612221337575465,0.071388975623995,0.0701727343071252,0.2972161563113332
0.003037733400980373,161527.1704043378,0.5410612012539059,0.0605951606482267,0.0298507157247513,0.368492922373116
0.0031613610265247894,174059.6844342188,0.6759779087919742,0.0550936849229037,0.0208345546294003,0.2480938516557216
0.0027481577549878502,239738.42267043656,0.5500697415601462,0.0325458988547325,0.0586042413208633,0.3587801182642579
0.003017682950325393,170881.2346431194,0.6021500492654741,0.0433133851550519,0.0757628325372934,0.2787737330421805
0.002904295620654205,209192.1715024626,0.5586879872344435,0.0580404963158071,0.0359633417427539,0.3473081747069955
0.003346729701820896,102171.05768881738,0.4836611381173133,0.0735867346636951,0.0761011336557567,0.3666509935632348
0.002712065658884686,162984.26043076906,0.6445766023732722,0.0688784762658178,0.0474096625298261,0.2391352588310837
0.00252247374983471,132240.33766316716,0.5950566842127591,0.0290554594621062,0.0282331115286797,0.3476547447964549
0.0027146458880381486,138004.71022567945,0.6327714692056179,0.0333157189935445,0.0307656567543745,0.303147155046463
0.0029755314798413143,206539.880893298,0.5128497303649783,0.0757377823069691,0.0254221539571881,0.3859903333708644
0.0026502602253153417,107103.93686232856,0.5769738439191132,0.0506430582888424,0.0366034055594354,0.3357796922326088
0.002445069600701715,129138.1552494946,0.6632420571241527,0.0584074619039893,0.0387875297572463,0.2395629512146115
0.0032719845092014596,126311.23940460384,0.537053714953363,0.0470480680651962,0.0731343465857207,0.34276387039572
0.0026903387551230175,176504.9276368227,0.6493102169502526,0.0606331747025251,0.0700767013337463,0.2199799070134759
0.0028906663015993554,247055.75708574613,0.5959531193226575,0.0576819909736514,0.0426505908742547,0.3037142988294363
0.002474823191455962,233922.5974709261,0.6591428649332374,0.0283149020001292,0.0236420167703181,0.2889002162963152
0.002803372926020015,191736.5184541326,0.6662539026234299,0.0346403454057872,0.0750779797229916,0.2240277722477913
0.0026542090418645295,131334.8283813335,0.6060017597116529,0.033857305496931,0.0621918512694537,0.2979490835219622
0.002459156470900225,158141.62168269977,0.542468115305528,0.0567817694880068,0.0199898396339267,0.3807602755725384
0.002580915602641239,159571.13845419372,0.4785773683618755,0.0840025355294346,0.0449020833242684,0.3925180127844214
0.0026624032189420167,159312.84408189822,0.628636665455997,0.0417037305049598,0.0642638276703655,0.2653957763686776
0.003307601074379614,150182.72612357978,0.4679804418049753,0.0657261323928833,0.0696285511739552,0.3966648746281862
0.002814813367150702,184810.4513233993,0.4976856614276767,0.0635250271297991,0.0394652236439287,0.3993240877985954
0.0029311672237919014,181875.0765142031,0.4860025706607848,0.0396712668985128,0.0829998562391847,0.3913263062015176
0.0028107383220769703,210365.4097065213,0.6160824796836823,0.0805433226376771,0.0661145843286067,0.2372596133500337
0.0028980509918738783,125463.09938271296,0.6276477454882115,0.0519492688775062,0.0555568423215299,0.2648461433127522
0.003310625862763562,106279.24095812486,0.6493327495455742,0.0375535130687058,0.0524335314519703,0.2606802059337497
0.0025988209945303114,123835.04303073278,0.6428190772980451,0.0297595356963574,0.0825827998109162,0.2448385871946811
0.0033277199068878463,212195.93434230192,0.6280628065671772,0.0283551941998302,0.0284732199739664,0.3151087792590261
0.002551361655331547,151492.7892234642,0.5190813040919602,0.0318823590129613,0.0641949989087879,0.3848413379862905
0.003263193662308499,192131.32716289256,0.6248215221893042,0.0488598524220287,0.0448680954333394,0.2814505299553275
